 subject_id 
------------
   19993336
   19986341
   19982989
   19973319
   19972786
   19970466
   19970101
   19966756
   19966115
   19962418
   19942499
   19939336
   19938358
   19932026
   19929286
   19929105
   19922439
   19919213
   19917043
   19914314
   19909671
   19906864
   19905646
   19874272
   19872265
   19866267
   19865666
   19861211
   19855099
   19849930
   19846426
   19843520
   19830951
   19829170
   19825347
   19823199
   19822093
   19821558
   19820782
   19813938
   19807158
   19801991
   19801004
   19797807
   19791178
   19784979
   19784487
   19780933
   19759447
   19757659
   19742322
   19733664
   19728718
   19721002
   19720725
   19716166
   19713183
   19710506
   19706867
   19696532
   19696359
   19688142
   19685014
   19683768
   19676519
   19673450
   19664531
   19654967
   19650793
   19650110
   19646228
   19645295
   19641231
   19640706
   19640433
   19632593
   19631540
   19622824
   19622547
   19619252
   19609140
   19606590
   19596527
   19584791
   19580274
   19575335
   19574468
   19571384
   19568216
   19562640
   19559928
   19555886
   19553158
   19552401
   19538920
   19538045
   19535511
   19531819
   19529415
   19515530
   19509298
   19506489
   19505450
   19499121
   19498855
   19491900
   19487561
   19476301
   19465811
   19455011
   19451735
   19448816
   19444420
   19443205
   19440864
   19432315
   19427894
   19422157
   19403960
   19400264
   19396877
   19395626
   19392911
   19392881
   19392561
   19389163
   19387552
   19382763
   19382500
   19381528
   19368058
   19364118
   19361508
   19361392
   19349785
   19337809
   19334457
   19324671
   19320821
   19312439
   19306529
   19299449
   19299113
   19296173
   19293671
   19290303
   19288645
   19287695
   19285526
   19284186
   19279625
   19277038
   19275156
   19271750
   19270106
   19267836
   19265652
   19260079
   19243474
   19242053
   19241228
   19239525
   19236898
   19220926
   19211797
   19207300
   19187816
   19186886
   19180828
   19174790
   19173525
   19164907
   19163747
   19158527
   19154640
   19146951
   19144439
   19137317
   19136094
   19127408
   19112585
   19105763
   19101100
   19100002
   19097890
   19078744
   19078733
   19068326
   19061282
   19054240
   19052561
   19036076
   19027745
   19012223
   19005583
   19004296
   19002874
   19000621
   18994767
   18973791
   18972567
   18968631
   18965721
   18958863
   18956228
   18952379
   18952096
   18949353
   18936006
   18932912
   18932705
   18931949
   18926021
   18919264
   18917268
   18913994
   18912334
   18910304
   18904954
   18903832
   18902344
   18899422
   18873517
   18872394
   18871870
   18870233
   18866397
   18858728
   18853470
   18851802
   18841084
   18837747
   18830847
   18817034
   18779582
   18779399
   18778933
   18772698
   18767618
   18765309
   18763725
   18750131
   18749714
   18742611
   18742074
   18735236
   18733465
   18733090
   18731959
   18716770
   18702826
   18690555
   18688719
   18687658
   18679420
   18679198
   18679023
   18676703
   18675897
   18672143
   18670590
   18637704
   18637670
   18621644
   18614569
   18608309
   18600365
   18600028
   18597419
   18595852
   18591903
   18584357
   18573443
   18571258
   18569084
   18566607
   18566452
   18562857
   18559633
   18559373
   18556017
   18554398
   18553055
   18552808
   18540569
   18535322
   18531225
   18530425
   18526948
   18519675
   18519555
   18513809
   18509183
   18503414
   18486555
   18477975
   18470101
   18467762
   18454926
   18429399
   18428011
   18427812
   18422749
   18417736
   18409161
   18403635
   18400750
   18387651
   18379244
   18374795
   18371155
   18369403
   18365770
   18362217
   18362159
   18348137
   18347948
   18344753
   18344237
   18339865
   18337042
   18328540
   18316605
   18316093
   18305899
   18287524
   18286387
   18275831
   18272110
   18268376
   18263240
   18260575
   18258621
   18255949
   18253112
   18253090
   18250256
   18242530
   18237256
   18232405
   18230098
   18224710
   18224280
   18208340
   18206930
   18202651
   18201772
   18191909
   18188204
   18187740
   18187193
   18179030
   18173897
   18172623
   18165055
   18164965
   18158427
   18156009
   18153160
   18148920
   18147209
   18143678
   18143542
   18143508
   18143216
   18136989
   18125451
   18123897
   18121248
   18111768
   18103393
   18102308
   18100838
   18097129
   18092355
   18092333
   18092254
   18087161
   18081596
   18080257
   18072875
   18071815
   18054935
   18044722
   18037530
   18031120
   18026603
   18018996
   17984975
   17984620
   17970554
   17970243
   17968028
   17963808
   17957673
   17955642
   17955242
   17953959
   17953273
   17945610
   17938140
   17922986
   17922786
   17918100
   17896653
   17895191
   17891255
   17885100
   17882715
   17878731
   17866961
   17866544
   17864819
   17862236
   17862068
   17855768
   17849496
   17848200
   17844820
   17842926
   17817592
   17814932
   17798679
   17781599
   17780345
   17770649
   17767787
   17763085
   17755234
   17755183
   17754293
   17753782
   17745354
   17741665
   17741115
   17733544
   17728208
   17723627
   17721489
   17718435
   17714334
   17697224
   17672672
   17669481
   17660131
   17651038
   17648869
   17644781
   17639771
   17602334
   17598702
   17596014
   17589503
   17586470
   17577309
   17574719
   17568056
   17566649
   17566492
   17566462
   17563347
   17562265
   17554404
   17551799
   17540780
   17537031
   17523214
   17523078
   17522491
   17521786
   17520507
   17517428
   17509032
   17507320
   17496382
   17493163
   17490629
   17486231
   17484350
   17478204
   17467360
   17453847
   17452392
   17451492
   17449903
   17436646
   17434433
   17430520
   17419788
   17412632
   17401129
   17399295
   17393871
   17375120
   17373919
   17367578
   17358150
   17350775
   17344280
   17326039
   17313762
   17311680
   17309553
   17304212
   17304014
   17302510
   17294505
   17280466
   17277688
   17255998
   17249809
   17242269
   17239380
   17232910
   17221586
   17219425
   17206593
   17206165
   17202697
   17192513
   17181854
   17173041
   17159182
   17158007
   17157903
   17157095
   17156946
   17150987
   17122647
   17103624
   17101524
   17097837
   17094960
   17081004
   17080026
   17072793
   17072596
   17058505
   17055745
   17043206
   17037764
   17033441
   17026123
   17021161
   17002221
   16993106
   16989098
   16983285
   16976054
   16967171
   16965731
   16960643
   16952127
   16944689
   16941107
   16939016
   16938879
   16934201
   16933548
   16931203
   16925477
   16917696
   16917373
   16912984
   16911204
   16899163
   16895003
   16889414
   16889089
   16885626
   16884448
   16881590
   16879269
   16867431
   16865766
   16857974
   16853337
   16852082
   16839394
   16838641
   16834384
   16833885
   16825279
   16821918
   16820491
   16817210
   16810793
   16801399
   16794459
   16788558
   16785014
   16783577
   16775463
   16757061
   16755805
   16753109
   16749523
   16729609
   16728026
   16727160
   16726452
   16712857
   16711329
   16709726
   16702864
   16699635
   16698826
   16692594
   16672237
   16667570
   16664796
   16662810
   16662316
   16661755
   16659135
   16651008
   16645186
   16637805
   16624661
   16622839
   16619178
   16618220
   16611745
   16609016
   16606974
   16603561
   16603493
   16596707
   16595729
   16578228
   16577742
   16571011
   16570780
   16557606
   16554888
   16553329
   16550734
   16545869
   16538810
   16534814
   16528873
   16526738
   16524079
   16515801
   16514111
   16488736
   16477848
   16477211
   16475908
   16473192
   16469786
   16465013
   16462994
   16458312
   16456736
   16453219
   16450946
   16450533
   16442963
   16439884
   16437536
   16434134
   16431926
   16428261
   16422555
   16422158
   16420761
   16414344
   16413179
   16413002
   16403187
   16387284
   16379320
   16359521
   16358668
   16353532
   16352425
   16350221
   16339049
   16331109
   16311307
   16309455
   16307213
   16301761
   16298632
   16298181
   16297202
   16293344
   16286157
   16277979
   16271251
   16266235
   16263845
   16263506
   16258109
   16249756
   16246903
   16238322
   16233087
   16229235
   16207116
   16204626
   16202769
   16200045
   16199516
   16198992
   16195628
   16188032
   16185969
   16183439
   16171347
   16167477
   16147935
   16144304
   16142547
   16141797
   16133115
   16124929
   16122037
   16119498
   16113989
   16108772
   16108710
   16107664
   16100569
   16099802
   16099779
   16099332
   16096104
   16089043
   16086282
   16086123
   16084747
   16084602
   16079929
   16078714
   16078344
   16075858
   16075156
   16072234
   16057104
   16056736
   16050234
   16047723
   16045829
   16043637
   16030932
   16020425
   16017312
   16014838
   16011274
   16002017
   15999409
   15991401
   15987251
   15980870
   15975772
   15974128
   15968244
   15966360
   15961367
   15960953
   15957914
   15950208
   15949588
   15944621
   15943968
   15942880
   15940291
   15937283
   15927166
   15921163
   15919853
   15907476
   15903052
   15895770
   15887852
   15879840
   15861146
   15859898
   15859508
   15859025
   15849251
   15837443
   15831913
   15830164
   15821746
   15818607
   15814891
   15812912
   15804669
   15798076
   15794853
   15789056
   15788385
   15788134
   15785721
   15780747
   15779915
   15778284
   15773733
   15771350
   15766837
   15761365
   15757588
   15752385
   15750321
   15746911
   15745543
   15745117
   15727523
   15726871
   15725489
   15719298
   15711512
   15702544
   15700387
   15698819
   15689762
   15685301
   15682570
   15672432
   15668630
   15653234
   15646765
   15638864
   15636663
   15632290
   15630002
   15621159
   15619108
   15613222
   15606157
   15604729
   15602488
   15597179
   15596627
   15589702
   15576377
   15570773
   15568901
   15567573
   15563668
   15555041
   15549613
   15524974
   15524746
   15522915
   15499057
   15497447
   15483629
   15481590
   15471972
   15467139
   15465927
   15461582
   15461553
   15460870
   15455521
   15455450
   15449403
   15446133
   15442180
   15441487
   15439322
   15438873
   15433848
   15426182
   15424006
   15423802
   15422174
   15421784
   15419160
   15416392
   15416020
   15414600
   15413673
   15402809
   15402103
   15393180
   15392906
   15389058
   15386988
   15380379
   15378500
   15378075
   15375159
   15372656
   15355207
   15353133
   15345395
   15341828
   15341255
   15338454
   15338322
   15336238
   15333261
   15332129
   15330347
   15330145
   15326044
   15307141
   15290079
   15288753
   15287015
   15285031
   15280135
   15275684
   15263884
   15249915
   15238548
   15238448
   15237730
   15214688
   15207185
   15199857
   15193172
   15189838
   15182584
   15178275
   15177827
   15172008
   15169534
   15166228
   15157242
   15153794
   15151881
   15143785
   15143371
   15138651
   15135470
   15133460
   15130765
   15128820
   15128045
   15112986
   15110197
   15095087
   15087570
   15085998
   15055518
   15055212
   15049336
   15049234
   15026237
   15021968
   15021508
   15020653
   15020369
   15014371
   15008298
   15004599
   15004553
   15002496
   15002251
   14993215
   14991576
   14990224
   14978865
   14977009
   14959313
   14953112
   14939557
   14918161
   14917267
   14912197
   14897280
   14894642
   14891723
   14886791
   14881763
   14879291
   14872672
   14866589
   14864363
   14856475
   14841017
   14840260
   14834029
   14830342
   14821269
   14797590
   14796020
   14792353
   14790269
   14786549
   14786296
   14782059
   14779071
   14772355
   14762960
   14733129
   14722153
   14716808
   14706623
   14702147
   14700163
   14697825
   14695840
   14683399
(1000 rows)

